Gen	A	C	G	T	S	P
0	0.250000	0.250000	0.250000	0.250000	0.000000	0.000000
1	0.253061	0.378817	0.162106	0.206015	3.204144	0.047952
2	0.165052	0.270394	0.271265	0.293289	3.476072	-0.011960
3	0.292289	0.162457	0.308455	0.236799	1.318824	0.086834
4	0.150242	0.368081	0.213320	0.268358	1.645106	0.094648
5	0.249705	0.251517	0.206059	0.292719	2.247170	0.069823
6	0.315663	0.283265	0.234773	0.166300	0.941090	0.099487
7	0.274523	0.281629	0.202024	0.241825	1.341467	0.090012
8	0.199361	0.228774	0.258215	0.313650	2.032459	0.079483
9	0.229989	0.302120	0.154362	0.313528	2.174845	0.081211
10	0.178068	0.212708	0.265402	0.343822	2.116218	0.036288
11	0.188701	0.349755	0.209885	0.251658	1.042186	0.106146
12	0.235506	0.290573	0.222481	0.251440	1.401020	0.041358
13	0.220134	0.285400	0.272820	0.221645	1.712845	0.053886
14	0.216427	0.237824	0.225406	0.320343	1.838034	0.064537
15	0.224183	0.239346	0.229454	0.307017	2.131214	0.040529
16	0.211600	0.265028	0.174121	0.349251	3.072984	0.032090
17	0.248068	0.234831	0.231412	0.285689	1.112130	0.094849
18	0.199085	0.275653	0.283258	0.242004	1.614763	0.092302
19	0.190024	0.331498	0.217107	0.261372	1.953110	0.115898
20	0.232780	0.349911	0.205964	0.211345	1.837828	0.104562
21	0.235269	0.341128	0.205694	0.217909	1.976174	0.046988
22	0.195490	0.337020	0.210415	0.257075	2.275099	0.128690
23	0.197308	0.421892	0.161242	0.219558	1.900144	0.122638
24	0.247634	0.415430	0.179660	0.157276	2.608383	0.073475
25	0.210246	0.249613	0.232917	0.307224	2.425361	0.080847
26	0.241847	0.277205	0.199248	0.281700	2.350584	0.030476
27	0.226703	0.231807	0.301969	0.239521	1.268107	0.062590
28	0.215247	0.332469	0.210716	0.241568	2.127604	0.055606
29	0.253658	0.293243	0.216699	0.236399	2.068225	0.034720
30	0.260423	0.236070	0.223530	0.279977	1.895773	0.152185
31	0.214592	0.320571	0.209871	0.254966	1.677271	0.066812
32	0.311199	0.241239	0.188590	0.258971	2.520947	0.008751
33	0.248687	0.295782	0.205295	0.250236	2.363326	0.094929
34	0.155291	0.249215	0.232169	0.363324	1.819488	0.093431
35	0.265306	0.294557	0.176569	0.263569	2.100884	0.113523
36	0.296831	0.257947	0.158009	0.287213	1.126730	0.084134
37	0.224375	0.338318	0.200575	0.236731	2.565340	0.020471
38	0.307268	0.236883	0.212591	0.243258	1.199218	0.096704
39	0.324458	0.247828	0.186555	0.241159	1.592815	0.077789
40	0.170749	0.303462	0.201505	0.324285	1.925977	0.027086
41	0.185595	0.212021	0.240730	0.361655	2.549905	0.051080
42	0.198177	0.216113	0.331353	0.254357	1.981842	0.088725
43	0.236874	0.278813	0.196383	0.287930	2.867641	0.067493
44	0.230673	0.244325	0.295522	0.229479	1.801179	0.070413
45	0.209147	0.289746	0.181515	0.319592	1.533543	0.072172
46	0.214373	0.306669	0.294975	0.183984	2.247428	0.089603
47	0.238127	0.261269	0.236335	0.264270	1.754517	0.081917
48	0.179932	0.274953	0.317044	0.228072	2.920294	0.025083
49	0.221278	0.362072	0.201864	0.214786	1.878122	0.048552
50	0.166268	0.208808	0.280640	0.344283	2.252791	0.083414
51	0.201693	0.265723	0.151406	0.381178	2.205903	0.118628
52	0.195428	0.281237	0.251064	0.272271	2.001281	0.042161
53	0.252392	0.266210	0.241858	0.239540	1.921905	0.082307
54	0.245160	0.167355	0.224597	0.362888	1.803891	0.110869
55	0.186365	0.229482	0.261035	0.323117	3.028647	0.063275
56	0.239204	0.278355	0.196300	0.286141	1.693233	0.093413
57	0.229599	0.239218	0.238631	0.292552	1.306640	0.061027
58	0.245175	0.307297	0.192222	0.255306	0.743422	0.043393
59	0.293391	0.372914	0.209432	0.124263	2.163646	0.065841
60	0.279144	0.195597	0.229098	0.296162	1.024072	0.108678
61	0.312925	0.284380	0.192417	0.210277	1.974916	0.064327
62	0.221411	0.221972	0.289782	0.266835	1.002947	0.056847
63	0.197894	0.297130	0.235485	0.269492	1.921546	0.072062
64	0.163518	0.443579	0.188560	0.204343	3.115660	0.057039
65	0.260933	0.347586	0.181253	0.210228	2.440212	0.106752
66	0.341496	0.160068	0.254021	0.244415	1.081541	0.001583
67	0.276612	0.235278	0.274116	0.213993	1.237474	0.103244
68	0.342761	0.345451	0.130632	0.181157	1.303477	0.146913
69	0.217377	0.274511	0.213406	0.294706	1.935662	0.087072
70	0.306498	0.291709	0.160999	0.240794	1.881278	0.122791
71	0.207553	0.232632	0.303370	0.256446	1.134962	0.026336
72	0.283033	0.207742	0.285102	0.224123	0.601142	0.074747
73	0.193792	0.295349	0.232968	0.277891	2.185486	0.113802
74	0.192464	0.317476	0.192295	0.297765	2.025630	0.074859
75	0.257334	0.307970	0.196058	0.238638	2.017493	0.134206
76	0.215357	0.328681	0.210957	0.245005	1.459896	0.015681
77	0.236501	0.228737	0.249283	0.285479	1.691198	0.092969
78	0.298102	0.313244	0.150561	0.238093	1.745106	0.022385
79	0.174720	0.274302	0.296631	0.254346	1.699638	0.035390
80	0.264291	0.314246	0.188926	0.232537	1.419368	0.109933
81	0.305202	0.225771	0.191574	0.277453	1.351060	0.053670
82	0.243594	0.316172	0.248446	0.191788	2.273659	0.059457
83	0.283098	0.208533	0.166773	0.341596	1.830544	0.031314
84	0.203066	0.238728	0.305403	0.252803	1.405001	0.028844
85	0.285159	0.133517	0.353172	0.228152	1.017300	0.031199
86	0.220698	0.304669	0.249595	0.225037	2.843065	0.006639
87	0.229070	0.256062	0.241604	0.273264	2.645708	0.138792
88	0.213506	0.216884	0.242013	0.327597	1.687770	0.134320
89	0.244557	0.313449	0.160443	0.281551	1.870405	0.081173
90	0.198816	0.225833	0.228983	0.346368	1.870405	0.113153
91	0.175652	0.269987	0.172884	0.381477	2.248572	0.068570
92	0.299878	0.242750	0.200556	0.256816	1.779403	0.093874
93	0.250788	0.266491	0.224278	0.258442	1.722094	0.050152
94	0.286332	0.288948	0.225485	0.199235	2.744422	0.028637
95	0.283715	0.218308	0.238041	0.259936	1.525107	0.098139
96	0.266466	0.326093	0.221123	0.186318	1.927102	0.072115
97	0.178171	0.218789	0.259216	0.343824	2.358706	0.094115
98	0.231382	0.281410	0.205102	0.282105	1.938266	0.164844
99	0.175998	0.305168	0.169160	0.349674	1.851044	0.174459
